   0.00000000       8.88185343E-04   0.00000000       8.88185343E-04
   2.00000009E-03   1.65433763E-03   1.28965266E-03   2.94399029E-03
   4.00000019E-03   2.72586476E-03   2.93045631E-03   5.65632107E-03
   6.00000005E-03   4.33016894E-03   5.66161284E-03   9.99178179E-03
   8.00000038E-03   6.87557505E-03   1.15221078E-02   1.83976833E-02
   9.99999978E-03   1.13474717E-02   2.04299092E-02   3.17773819E-02
   1.20000001E-02   1.93459745E-02   3.58598195E-02   5.52057959E-02
   1.40000004E-02   3.40996347E-02   6.25000075E-02   9.65996459E-02
   1.60000008E-02   6.09196387E-02  0.109861068      0.170780703    
   1.79999992E-02  0.107140452      0.198858768      0.305999219    
   1.99999996E-02  0.185918540      0.356357604      0.542276144    
   2.19999999E-02  0.320082933      0.629856169      0.949939072    
   2.40000002E-02  0.547833622       1.10067010       1.64850378    
   2.60000005E-02  0.933486640       1.90177238       2.83525920    
   2.80000009E-02   1.57975101       3.26705241       4.84680367    
   2.99999993E-02   2.65464735       5.56672144       8.22136879    
   3.20000015E-02   4.42772436       9.41111755       13.8388414    
   3.40000018E-02   7.32224178       15.8052635       23.1275063    
   3.59999985E-02   12.0067310       26.3303928       38.3371239    
   3.79999988E-02   19.5233231       43.5101814       63.0335007    
   3.99999991E-02   31.4888306       71.2898102       102.778641    
   4.19999994E-02   50.3861389       115.820778       166.206909    
   4.39999998E-02   79.9720459       186.677322       266.649353    
   4.60000001E-02   125.898888       298.442444       424.341339    
   4.80000004E-02   196.579376       473.266571       669.845947    
   5.00000007E-02   304.408813       744.451355       1048.86023    
   5.20000011E-02   467.494507       1161.47864       1628.97314    
   5.40000014E-02   712.005066       1797.37622       2509.38135    
   5.60000017E-02   1075.43726       2758.54126       3833.97852    
   5.79999983E-02   1610.96729       4198.80859       5809.77588    
   5.99999987E-02   2393.18066       6338.64209       8731.82324    
   6.19999990E-02   3525.66821       9490.28320       13015.9512    
   6.40000030E-02   5150.76758       14091.9932       19242.7617    
   6.59999996E-02   7462.03613       20752.1699       28214.2051    
   6.80000037E-02   10719.8789       30306.7969       41026.6758    
   7.00000003E-02   15270.6973       43893.2070       59163.9062    
   7.19999969E-02   21570.2949       63040.7070       84611.0000    
   7.40000010E-02   30211.5332       89784.4375       119995.969    
   7.59999976E-02   41956.4023       126802.766       168759.172    
   7.80000016E-02   57772.5273       177579.594       235352.109    
   7.99999982E-02   78873.1797       246595.016       325468.188    
   8.20000023E-02   106760.312       339538.281       446298.594    
   8.39999989E-02   143268.391       463545.594       606813.938    
   8.60000029E-02   190606.438       627454.188       818060.625    
   8.79999995E-02   251395.734       842057.750       1093453.50    
   9.00000036E-02   328697.969       1120357.12       1449055.12    
   9.20000002E-02   426029.875       1477777.62       1903807.50    
   9.39999968E-02   547358.125       1932332.00       2479690.25    
   9.60000008E-02   697068.000       2504702.75       3201770.75    
   9.79999974E-02   879901.625       3218190.50       4098092.00    
  0.100000001       1100858.12       4098515.25       5199373.50    
  0.101999998       1365052.25       5173416.50       6538468.50    
  0.104000002       1677529.62       6472012.00       8149541.50    
  0.105999999       2043035.88       8023904.00       10066940.0    
  0.108000003       2465748.00       9857980.00       12323728.0    
  0.109999999       2948971.50       12000938.0       14949909.0    
  0.112000003       3494817.00       14475530.0       17970348.0    
  0.114000000       4103874.50       17298568.0       21402442.0    
  0.115999997       4774908.00       20478762.0       25253670.0    
  0.118000001       5504590.00       24014500.0       29519090.0    
  0.119999997       6287315.00       27891684.0       34179000.0    
  0.122000001       7115106.50       32081806.0       39196912.0    
  0.123999998       7977656.50       36540396.0       44518052.0    
  0.126000002       8862515.00       41206076.0       50068588.0    
  0.128000006       9755446.00       46000376.0       55755824.0    
  0.129999995       10640952.0       50828496.0       61469448.0    
  0.131999999       11502969.0       55581096.0       67084068.0    
  0.134000003       12325702.0       60137272.0       72462976.0    
  0.136000007       13094568.0       64368612.0       77463176.0    
  0.137999997       13797204.0       68144384.0       81941584.0    
  0.140000001       14424473.0       71337536.0       85762008.0    
  0.142000005       14971391.0       73831344.0       88802736.0    
  0.143999994       15437926.0       75526368.0       90964296.0    
  0.145999998       15829565.0       76347200.0       92176760.0    
  0.148000002       16157613.0       76248664.0       92406280.0    
  0.150000006       16439157.0       75220952.0       91660112.0    
  0.151999995       16696673.0       73293208.0       89989880.0    
  0.153999999       16957266.0       70535240.0       87492504.0    
  0.156000003       17251564.0       67057084.0       84308648.0    
  0.158000007       17612328.0       63006220.0       80618552.0    
  0.159999996       18072808.0       58562448.0       76635256.0    
  0.162000000       18665002.0       53930644.0       72595648.0    
  0.164000005       19417868.0       49331720.0       68749592.0    
  0.165999994       20355628.0       44992236.0       65347864.0    
  0.167999998       21496288.0       41133268.0       62629556.0    
  0.170000002       22850450.0       37959272.0       60809724.0    
  0.172000006       24420506.0       35647560.0       60068064.0    
  0.173999995       26200284.0       34339104.0       60539388.0    
  0.175999999       28175144.0       34131284.0       62306428.0    
  0.178000003       30322548.0       35072984.0       65395532.0    
  0.180000007       32613032.0       37162400.0       69775432.0    
  0.181999996       35011540.0       40347636.0       75359176.0    
  0.184000000       37479016.0       44530024.0       82009040.0    
  0.186000004       39974172.0       49569912.0       89544088.0    
  0.187999994       42455272.0       55294472.0       97749744.0    
  0.189999998       44881888.0       61507004.0       106388896.    
  0.192000002       47216488.0       67997120.0       115213608.    
  0.194000006       49425772.0       74551104.0       123976872.    
  0.195999995       51481736.0       80961896.0       132443632.    
  0.197999999       53362376.0       87038056.0       140400432.    
  0.200000003       55052052.0       92611304.0       147663360.    
  0.202000007       56541504.0       97542288.0       154083792.    
  0.203999996       57827584.0       101724368.       159551952.    
  0.206000000       58912712.0       105085440.       163998144.    
  0.208000004       59804124.0       107587824.       167391936.    
  0.209999993       60512992.0       109226448.       169739440.    
  0.211999997       61053496.0       110025664.       171079168.    
  0.214000002       61441824.0       110034928.       171476752.    
  0.216000006       61695276.0       109323832.       171019104.    
  0.217999995       61831424.0       107976824.       169808240.    
  0.219999999       61867388.0       106087904.       167955296.    
  0.222000003       61819284.0       103755664.       165574944.    
  0.224000007       61701784.0       101078784.       162780576.    
  0.225999996       61527856.0       98152320.0       159680176.    
  0.228000000       61308632.0       95064648.0       156373280.    
  0.230000004       61053412.0       91895320.0       152948720.    
  0.231999993       60769744.0       88713608.0       149483344.    
  0.233999997       60463620.0       85577824.0       146041440.    
  0.236000001       60139696.0       82535232.0       142674928.    
  0.238000005       59801556.0       79622432.0       139423984.    
  0.239999995       59451960.0       76866152.0       136318112.    
  0.241999999       59093104.0       74284296.0       133377400.    
  0.244000003       58726824.0       71887136.0       130613960.    
  0.246000007       58354792.0       69678552.0       128033336.    
  0.247999996       57978624.0       67657248.0       125635880.    
  0.250000000       57599984.0       65817960.0       123417944.    
  0.252000004       57220608.0       64152436.0       121373040.    
  0.254000008       56842300.0       62650384.0       119492680.    
  0.256000012       56466916.0       61300224.0       117767144.    
  0.257999986       56096304.0       60089712.0       116186016.    
  0.259999990       55732228.0       59006424.0       114738648.    
  0.261999995       55376316.0       58038132.0       113414448.    
  0.263999999       55029988.0       57173060.0       112203048.    
  0.266000003       54694408.0       56400084.0       111094488.    
  0.268000007       54370440.0       55708816.0       110079256.    
  0.270000011       54058652.0       55089704.0       109148352.    
  0.272000015       53759292.0       54534016.0       108293304.    
  0.273999989       53472320.0       54033872.0       107506192.    
  0.275999993       53197452.0       53582192.0       106779648.    
  0.277999997       52934180.0       53172672.0       106106848.    
  0.280000001       52681832.0       52799728.0       105481560.    
  0.282000005       52439640.0       52458452.0       104898096.    
  0.284000009       52206764.0       52144572.0       104351336.    
  0.286000013       51982356.0       51854364.0       103836720.    
  0.287999988       51765604.0       51584632.0       103350240.    
  0.289999992       51555744.0       51332644.0       102888392.    
  0.291999996       51352108.0       51096072.0       102448176.    
  0.294000000       51154120.0       50872948.0       102027064.    
  0.296000004       50961300.0       50661636.0       101622936.    
  0.298000008       50773276.0       50460760.0       101234040.    
  0.300000012       50589776.0       50269176.0       100858952.    
  0.301999986       50410604.0       50085948.0       100496552.    
  0.303999990       50235636.0       49910296.0       100145936.    
  0.305999994       50064800.0       49741572.0       99806376.0    
  0.307999998       49898076.0       49579248.0       99477320.0    
  0.310000002       49735456.0       49422864.0       99158320.0    
  0.312000006       49576956.0       49272052.0       98849008.0    
  0.314000010       49422592.0       49126484.0       98549072.0    
  0.316000015       49272376.0       48985876.0       98258248.0    
  0.317999989       49126312.0       48849976.0       97976288.0    
  0.319999993       48984388.0       48718556.0       97702944.0    
  0.321999997       48846576.0       48591408.0       97437984.0    
  0.324000001       48712824.0       48468340.0       97181168.0    
  0.326000005       48583076.0       48349168.0       96932240.0    
  0.328000009       48457244.0       48233716.0       96690960.0    
  0.330000013       48335240.0       48121820.0       96457064.0    
  0.331999987       48216960.0       48013324.0       96230280.0    
  0.333999991       48102284.0       47908068.0       96010352.0    
  0.335999995       47991092.0       47805912.0       95797008.0    
  0.338000000       47883256.0       47706716.0       95589976.0    
  0.340000004       47778652.0       47610340.0       95388992.0    
  0.342000008       47677144.0       47516664.0       95193808.0    
  0.344000012       47578604.0       47425556.0       95004160.0    
  0.345999986       47482904.0       47336900.0       94819808.0    
  0.347999990       47389920.0       47250592.0       94640512.0    
  0.349999994       47299528.0       47166520.0       94466048.0    
  0.351999998       47211612.0       47084580.0       94296192.0    
  0.354000002       47126060.0       47004680.0       94130736.0    
  0.356000006       47042756.0       46926728.0       93969480.0    
  0.358000010       46961600.0       46850632.0       93812232.0    
  0.360000014       46882492.0       46776308.0       93658800.0    
  0.361999989       46805328.0       46703672.0       93509000.0    
  0.363999993       46730016.0       46632648.0       93362664.0    
  0.365999997       46656464.0       46563148.0       93219616.0    
  0.368000001       46584580.0       46495100.0       93079680.0    
  0.370000005       46514264.0       46428420.0       92942680.0    
  0.372000009       46445428.0       46363020.0       92808448.0    
  0.374000013       46377976.0       46298812.0       92676792.0    
  0.375999987       46311800.0       46235708.0       92547512.0    
  0.377999991       46246800.0       46173604.0       92420400.0    
  0.379999995       46182856.0       46112384.0       92295240.0    
  0.381999999       46119844.0       46051936.0       92171784.0    
  0.384000003       46057632.0       45992120.0       92049752.0    
  0.386000007       45996064.0       45932796.0       91928864.0    
  0.388000011       45934988.0       45873792.0       91808776.0    
  0.389999986       45874220.0       45814940.0       91689160.0    
  0.391999990       45813572.0       45756040.0       91569616.0    
  0.393999994       45752844.0       45696896.0       91449744.0    
  0.395999998       45691824.0       45637288.0       91329112.0    
  0.398000002       45630288.0       45576988.0       91207280.0    
  0.400000006       45568012.0       45515776.0       91083792.0    
  0.402000010       45504784.0       45453428.0       90958208.0    
  0.404000014       45440384.0       45389728.0       90830112.0    
  0.405999988       45374628.0       45324492.0       90699120.0    
  0.407999992       45307348.0       45257552.0       90564904.0    
  0.409999996       45238424.0       45188792.0       90427216.0    
  0.412000000       45167780.0       45118140.0       90285920.0    
  0.414000005       45095392.0       45045584.0       90140976.0    
  0.416000009       45021312.0       44971176.0       89992488.0    
  0.418000013       44945656.0       44895052.0       89840712.0    
  0.419999987       44868616.0       44817416.0       89686032.0    
  0.421999991       44790456.0       44738552.0       89529008.0    
  0.423999995       44711516.0       44658804.0       89370320.0    
  0.425999999       44632184.0       44578584.0       89210768.0    
  0.428000003       44552908.0       44498352.0       89051264.0    
  0.430000007       44474156.0       44418588.0       88892744.0    
  0.432000011       44396396.0       44339780.0       88736176.0    
  0.433999985       44320088.0       44262388.0       88582480.0    
  0.435999990       44245640.0       44186828.0       88432472.0    
  0.437999994       44173384.0       44113444.0       88286824.0    
  0.439999998       44103552.0       44042468.0       88146016.0    
  0.442000002       44036256.0       43974016.0       88010272.0    
  0.444000006       43971472.0       43908060.0       87879536.0    
  0.446000010       43909024.0       43844428.0       87753448.0    
  0.448000014       43848584.0       43782792.0       87631376.0    
  0.449999988       43789672.0       43722688.0       87512360.0    
  0.451999992       43731692.0       43663520.0       87395208.0    
  0.453999996       43673924.0       43604588.0       87278512.0    
  0.456000000       43615580.0       43545120.0       87160696.0    
  0.458000004       43555832.0       43484308.0       87040144.0    
  0.460000008       43493848.0       43421356.0       86915208.0    
  0.462000012       43428840.0       43355500.0       86784344.0    
  0.463999987       43360096.0       43286072.0       86646168.0    
  0.465999991       43287028.0       43212516.0       86499544.0    
  0.467999995       43209188.0       43134424.0       86343616.0    
  0.469999999       43126308.0       43051556.0       86177864.0    
  0.472000003       43038296.0       42963852.0       86002152.0    
  0.474000007       42945248.0       42871432.0       85816680.0    
  0.476000011       42847440.0       42774588.0       85622032.0    
  0.477999985       42745316.0       42673772.0       85419088.0    
  0.479999989       42639452.0       42569552.0       85209008.0    
  0.481999993       42530536.0       42462616.0       84993152.0    
  0.483999997       42419344.0       42353708.0       84773048.0    
  0.486000001       42306672.0       42243600.0       84550272.0    
  0.488000005       42193340.0       42133076.0       84326416.0    
  0.490000010       42080128.0       42022868.0       84103000.0    
  0.492000014       41967764.0       41913664.0       83881432.0    
  0.493999988       41856892.0       41806064.0       83662952.0    
  0.495999992       41748060.0       41700564.0       83448624.0    
  0.497999996       41641712.0       41597560.0       83239272.0    
  0.500000000       41538172.0       41497340.0       83035512.0    
  0.501999974       41437660.0       41400084.0       82837744.0    
  0.504000008       41340292.0       41305872.0       82646160.0    
  0.505999982       41246084.0       41214700.0       82460784.0    
  0.508000016       41154988.0       41126492.0       82281480.0    
  0.509999990       41066876.0       41041116.0       82107992.0    
  0.512000024       40981588.0       40958392.0       81939976.0    
  0.513999999       40898920.0       40878124.0       81777040.0    
  0.515999973       40818664.0       40800088.0       81618752.0    
  0.518000007       40740592.0       40724080.0       81464672.0    
  0.519999981       40664500.0       40649884.0       81314384.0    
  0.522000015       40590176.0       40577312.0       81167488.0    
  0.523999989       40517448.0       40506188.0       81023632.0    
  0.526000023       40446148.0       40436368.0       80882512.0    
  0.527999997       40376144.0       40367720.0       80743864.0    
  0.529999971       40307320.0       40300148.0       80607472.0    
  0.532000005       40239592.0       40233568.0       80473160.0    
  0.533999979       40172884.0       40167924.0       80340808.0    
  0.536000013       40107148.0       40103168.0       80210312.0    
  0.537999988       40042344.0       40039268.0       80081608.0    
  0.540000021       39978440.0       39976212.0       79954656.0    
  0.541999996       39915428.0       39913980.0       79829408.0    
  0.544000030       39853288.0       39852568.0       79705856.0    
  0.546000004       39792012.0       39791976.0       79583992.0    
  0.547999978       39731600.0       39732200.0       79463800.0    
  0.550000012       39672044.0       39673244.0       79345288.0    
  0.551999986       39613340.0       39615100.0       79228440.0    
  0.554000020       39555480.0       39557772.0       79113248.0    
  0.555999994       39498456.0       39501252.0       78999712.0    
  0.558000028       39442260.0       39445536.0       78887800.0    
  0.560000002       39386884.0       39390616.0       78777496.0    
  0.561999977       39332308.0       39336484.0       78668792.0    
  0.564000010       39278524.0       39283124.0       78561648.0    
  0.565999985       39225508.0       39230528.0       78456040.0    
  0.568000019       39173244.0       39178680.0       78351928.0    
  0.569999993       39121716.0       39127564.0       78249280.0    
  0.572000027       39070892.0       39077160.0       78148048.0    
  0.574000001       39020744.0       39027448.0       78048192.0    
  0.575999975       38971252.0       38978408.0       77949656.0    
  0.578000009       38922372.0       38930008.0       77852376.0    
  0.579999983       38874064.0       38882224.0       77756288.0    
  0.582000017       38826288.0       38835020.0       77661304.0    
  0.583999991       38778988.0       38788356.0       77567344.0    
  0.586000025       38732096.0       38742180.0       77474280.0    
  0.588000000       38685544.0       38696448.0       77381992.0    
  0.589999974       38639240.0       38651080.0       77290320.0    
  0.592000008       38593084.0       38606008.0       77199096.0    
  0.593999982       38546964.0       38561132.0       77108096.0    
  0.596000016       38500732.0       38516344.0       77017080.0    
  0.597999990       38454244.0       38471516.0       76925760.0    
  0.600000024       38407316.0       38426496.0       76833808.0    
  0.601999998       38359748.0       38381108.0       76740856.0    
  0.603999972       38311328.0       38335152.0       76646480.0    
  0.606000006       38261816.0       38288408.0       76550224.0    
  0.607999980       38210960.0       38240624.0       76451584.0    
  0.610000014       38158500.0       38191528.0       76350024.0    
  0.611999989       38104164.0       38140828.0       76244992.0    
  0.614000022       38047692.0       38088216.0       76135912.0    
  0.615999997       37988840.0       38033376.0       76022216.0    
  0.617999971       37927380.0       37976000.0       75903384.0    
  0.620000005       37863144.0       37915780.0       75778920.0    
  0.621999979       37795996.0       37852444.0       75648440.0    
  0.624000013       37725896.0       37785756.0       75511656.0    
  0.625999987       37652872.0       37715548.0       75368416.0    
  0.628000021       37577056.0       37641712.0       75218768.0    
  0.629999995       37498696.0       37564252.0       75062944.0    
  0.632000029       37418148.0       37483264.0       74901408.0    
  0.634000003       37335892.0       37398980.0       74734872.0    
  0.635999978       37252520.0       37311756.0       74564280.0    
  0.638000011       37168724.0       37222088.0       74390816.0    
  0.639999986       37085288.0       37130604.0       74215888.0    
  0.642000020       37003040.0       37038052.0       74041096.0    
  0.643999994       36922832.0       36945296.0       73868128.0    
  0.646000028       36845496.0       36853264.0       73698760.0    
  0.648000002       36771796.0       36762940.0       73534736.0    
  0.649999976       36702384.0       36675296.0       73377680.0    
  0.652000010       36637732.0       36591264.0       73229000.0    
  0.653999984       36578120.0       36511660.0       73089784.0    
  0.656000018       36523556.0       36437164.0       72960720.0    
  0.657999992       36473788.0       36368228.0       72842016.0    
  0.660000026       36428248.0       36305064.0       72733312.0    
  0.662000000       36386088.0       36247596.0       72633688.0    
  0.663999975       36346172.0       36195436.0       72541608.0    
  0.666000009       36307116.0       36147876.0       72454992.0    
  0.667999983       36267352.0       36103908.0       72371256.0    
  0.670000017       36225176.0       36062240.0       72287416.0    
  0.671999991       36178840.0       36021364.0       72200208.0    
  0.674000025       36126644.0       35979596.0       72106240.0    
  0.675999999       36067012.0       35935176.0       72002192.0    
  0.677999973       35998588.0       35886340.0       71884928.0    
  0.680000007       35920320.0       35831424.0       71751744.0    
  0.681999981       35831512.0       35768940.0       71600456.0    
  0.684000015       35731880.0       35697680.0       71429560.0    
  0.685999990       35621580.0       35616764.0       71238344.0    
  0.688000023       35501196.0       35525716.0       71026912.0    
  0.689999998       35371740.0       35424472.0       70796208.0    
  0.691999972       35234576.0       35313408.0       70547984.0    
  0.694000006       35091376.0       35193324.0       70284704.0    
  0.695999980       34944036.0       35065384.0       70009424.0    
  0.698000014       34794572.0       34931084.0       69725656.0    
  0.699999988       34645040.0       34792152.0       69437192.0    
  0.702000022       34497432.0       34650472.0       69147904.0    
  0.703999996       34353596.0       34508004.0       68861600.0    
  0.705999970       34215144.0       34366656.0       68581800.0    
  0.708000004       34083428.0       34228232.0       68311664.0    
  0.709999979       33959472.0       34094344.0       68053816.0    
  0.712000012       33843952.0       33966348.0       67810296.0    
  0.713999987       33737216.0       33845300.0       67582520.0    
  0.716000021       33639288.0       33731948.0       67371240.0    
  0.717999995       33549906.0       33626708.0       67176616.0    
  0.720000029       33468552.0       33529686.0       66998236.0    
  0.722000003       33394524.0       33440708.0       66835232.0    
  0.723999977       33326982.0       33359360.0       66686340.0    
  0.726000011       33264998.0       33285028.0       66550024.0    
  0.727999985       33207620.0       33216956.0       66424576.0    
  0.730000019       33153914.0       33154304.0       66308220.0    
  0.731999993       33103004.0       33096190.0       66199196.0    
  0.734000027       33054102.0       33041742.0       66095844.0    
  0.736000001       33006534.0       32990140.0       65996672.0    
  0.737999976       32959752.0       32940636.0       65900388.0    
  0.740000010       32913342.0       32892596.0       65805940.0    
  0.741999984       32867022.0       32845498.0       65712520.0    
  0.744000018       32820638.0       32798950.0       65619588.0    
  0.745999992       32774148.0       32752682.0       65526828.0    
  0.748000026       32727612.0       32706552.0       65434164.0    
  0.750000000       32681174.0       32660526.0       65341700.0    
  0.751999974       32635046.0       32614666.0       65249712.0    
  0.754000008       32589476.0       32569114.0       65158592.0    
  0.755999982       32544750.0       32524074.0       65068824.0    
  0.758000016       32501146.0       32479786.0       64980932.0    
  0.759999990       32458938.0       32436514.0       64895452.0    
  0.762000024       32418358.0       32394520.0       64812880.0    
  0.763999999       32379598.0       32354042.0       64733640.0    
  0.765999973       32342782.0       32315280.0       64658064.0    
  0.768000007       32307956.0       32278380.0       64586336.0    
  0.769999981       32275088.0       32243418.0       64518508.0    
  0.772000015       32244062.0       32210388.0       64454448.0    
  0.773999989       32214668.0       32179202.0       64393872.0    
  0.776000023       32186622.0       32149690.0       64336312.0    
  0.777999997       32159570.0       32121590.0       64281160.0    
  0.779999971       32133098.0       32094576.0       64227672.0    
  0.782000005       32106756.0       32068252.0       64175008.0    
  0.783999979       32080078.0       32042182.0       64122260.0    
  0.786000013       32052602.0       32015908.0       64068508.0    
  0.787999988       32023896.0       31988962.0       64012856.0    
  0.790000021       31993574.0       31960908.0       63954484.0    
  0.791999996       31961330.0       31931344.0       63892672.0    
  0.794000030       31926934.0       31899938.0       63826872.0    
  0.796000004       31890262.0       31866440.0       63756704.0    
  0.797999978       31851296.0       31830696.0       63681992.0    
  0.800000012       31810120.0       31792654.0       63602772.0    
  0.801999986       31766920.0       31752372.0       63519292.0    
  0.804000020       31721974.0       31710006.0       63431980.0    
  0.805999994       31675642.0       31665814.0       63341456.0    
  0.808000028       31628332.0       31620132.0       63248464.0    
  0.810000002       31580496.0       31573356.0       63153852.0    
  0.811999977       31532606.0       31525934.0       63058540.0    
  0.814000010       31485120.0       31478330.0       62963448.0    
  0.815999985       31438478.0       31431012.0       62869492.0    
  0.818000019       31393078.0       31384428.0       62777504.0    
  0.819999993       31349258.0       31338990.0       62688248.0    
  0.822000027       31307298.0       31295052.0       62602352.0    
  0.824000001       31267402.0       31252914.0       62520316.0    
  0.825999975       31229702.0       31212800.0       62442500.0    
  0.828000009       31194262.0       31174860.0       62369120.0    
  0.829999983       31161082.0       31139176.0       62300256.0    
  0.832000017       31130102.0       31105762.0       62235864.0    
  0.833999991       31101216.0       31074570.0       62175788.0    
  0.836000025       31074282.0       31045508.0       62119792.0    
  0.838000000       31049134.0       31018438.0       62067572.0    
  0.839999974       31025588.0       30993192.0       62018780.0    
  0.842000008       31003454.0       30969592.0       61973044.0    
  0.843999982       30982548.0       30947444.0       61929992.0    
  0.846000016       30962692.0       30926558.0       61889252.0    
  0.847999990       30943726.0       30906752.0       61850480.0    
  0.850000024       30925504.0       30887860.0       61813364.0    
  0.851999998       30907904.0       30869730.0       61777632.0    
  0.853999972       30890820.0       30852230.0       61743048.0    
  0.856000006       30874168.0       30835250.0       61709420.0    
  0.857999980       30857884.0       30818704.0       61676588.0    
  0.860000014       30841918.0       30802518.0       61644436.0    
  0.861999989       30826234.0       30786642.0       61612876.0    
  0.864000022       30810812.0       30771038.0       61581852.0    
  0.865999997       30795636.0       30755682.0       61551316.0    
  0.867999971       30780698.0       30740556.0       61521256.0    
  0.870000005       30765998.0       30725658.0       61491656.0    
  0.871999979       30751536.0       30710984.0       61462520.0    
  0.874000013       30737316.0       30696534.0       61433848.0    
  0.875999987       30723338.0       30682316.0       61405656.0    
  0.878000021       30709608.0       30668332.0       61377940.0    
  0.879999995       30696124.0       30654588.0       61350712.0    
  0.882000029       30682892.0       30641088.0       61323980.0    
  0.884000003       30669908.0       30627832.0       61297740.0    
  0.885999978       30657170.0       30614822.0       61271992.0    
  0.888000011       30644674.0       30602058.0       61246732.0    
  0.889999986       30632418.0       30589536.0       61221952.0    
  0.892000020       30620392.0       30577252.0       61197644.0    
  0.893999994       30608594.0       30565204.0       61173796.0    
  0.896000028       30597012.0       30553384.0       61150396.0    
  0.898000002       30585642.0       30541786.0       61127428.0    
  0.899999976       30574474.0       30530400.0       61104876.0    
  0.902000010       30563500.0       30519222.0       61082724.0    
  0.903999984       30552714.0       30508242.0       61060956.0    
  0.906000018       30542104.0       30497452.0       61039556.0    
  0.907999992       30531664.0       30486846.0       61018508.0    
  0.910000026       30521386.0       30476412.0       60997800.0    
  0.912000000       30511264.0       30466146.0       60977412.0    
  0.913999975       30501288.0       30456040.0       60957328.0    
  0.916000009       30491454.0       30446086.0       60937540.0    
  0.917999983       30481752.0       30436278.0       60918032.0    
  0.920000017       30472180.0       30426610.0       60898788.0    
  0.921999991       30462728.0       30417074.0       60879804.0    
  0.924000025       30453394.0       30407668.0       60861064.0    
  0.925999999       30444170.0       30398384.0       60842552.0    
  0.927999973       30435052.0       30389218.0       60824268.0    
  0.930000007       30426036.0       30380164.0       60806200.0    
  0.931999981       30417114.0       30371220.0       60788336.0    
  0.934000015       30408286.0       30362380.0       60770668.0    
  0.935999990       30399548.0       30353640.0       60753188.0    
  0.938000023       30390892.0       30345000.0       60735892.0    
  0.939999998       30382318.0       30336452.0       60718768.0    
  0.941999972       30373822.0       30327994.0       60701816.0    
  0.944000006       30365402.0       30319622.0       60685024.0    
  0.945999980       30357052.0       30311336.0       60668388.0    
  0.948000014       30348774.0       30303128.0       60651904.0    
  0.949999988       30340562.0       30295000.0       60635564.0    
  0.952000022       30332418.0       30286944.0       60619364.0    
  0.953999996       30324336.0       30278962.0       60603296.0    
  0.955999970       30316318.0       30271046.0       60587364.0    
  0.958000004       30308362.0       30263194.0       60571556.0    
  0.959999979       30300466.0       30255404.0       60555872.0    
  0.962000012       30292630.0       30247672.0       60540304.0    
  0.963999987       30284850.0       30239996.0       60524848.0    
  0.966000021       30277130.0       30232374.0       60509504.0    
  0.967999995       30269468.0       30224798.0       60494268.0    
  0.970000029       30261862.0       30217270.0       60479132.0    
  0.972000003       30254312.0       30209786.0       60464096.0    
  0.973999977       30246816.0       30202344.0       60449160.0    
  0.976000011       30239374.0       30194940.0       60434312.0    
  0.977999985       30231984.0       30187574.0       60419560.0    
  0.980000019       30224646.0       30180244.0       60404892.0    
  0.981999993       30217358.0       30172950.0       60390308.0    
  0.984000027       30210118.0       30165690.0       60375808.0    
  0.986000001       30202924.0       30158464.0       60361388.0    
  0.987999976       30195774.0       30151272.0       60347044.0    
  0.990000010       30188666.0       30144112.0       60332776.0    
  0.991999984       30181598.0       30136986.0       60318584.0    
  0.994000018       30174566.0       30129894.0       60304460.0    
  0.995999992       30167572.0       30122838.0       60290408.0    
  0.998000026       30160608.0       30115816.0       60276424.0    
